First Line: from the resolver I build
Second Line: local resolver
Third Line: using 8.8.8.8
1:google.com
0.069 0.065 0.073 0.071 0.072 0.063 0.070 0.073 0.067 0.072---Ave:0.0695s
0.075 0.082 0.056 0.068 0.064 0.069 0.071 0.075 0.082 0.064---Ave:0.0706s
25 22 23 22 21 7 22 21 23 21--- Ave:0.0207s
2:youtube.com
0.079 0.066 0.073 0.067 0.069 0.064 0.066 0.067 0.071 0.069---Ave:0.0691s
0.065 0.078 0.079 0.066 0.072 0.059 0.082 0.072 0.067 0.069---Ave:0.0709s
24 24 23 24 23 39 22 22 21 24--- Ave:0.0246s
3:facebook.com
0.087 0.058 0.058 0.058 0.059 0.066 0.052 0.060 0.087 0.057---Ave:0.0642s
0.059 0.073 0.076 0.088 0.083 0.062 0.058 0.084 0.077 0.072---Ave:0.0732s
7 7 7 6 6 7 6 7 7 6--- Ave:0.0066s
4:baidu.com
0.312 0.308 0.309 0.300 0.312 0.311 0.311 0.306 0.312 0.314---Ave:0.3095s
0.295 0.315 0.307 0.324 0.312 0.289 0.294 0.308 0.304 0.309---Ave:0.3057s
8 6 8 8 8 6 7 12 8 7 ---Ave: 0.0078s
5:yahoo.com
0.071 0.080 0.064 0.072 0.059 0.066 0.069 0.071 0.063 0.088---Ave:0.0703s
0.108 0.114 0.124 0.117 0.105 0.134 0.125 0.130 0.129 0.117---Ave:0.1203s
7 7 7 7 18 11 12 8 7 7 ---Ave: 0.0091s
6:wikipedia.org
0.122 0.073 0.125 0.121 0.073 0.078 0.121 0.123 0.072 0.072---Ave:0.098s
0.137 0.129 0.083 0.117 0.129 0.087 0.092 0.113 0.085 0.122---Ave:0.109s
29 30 7 28 29 29 23 10 7 7 ---Ave:0.0199s
7:google.co.in
0.087 0.097 0.090 0.089 0.121 0.089 0.095 0.088 0.101 0.087---Ave:0.094s
0.108 0.090 0.121 0.088 0.097 0.117 0.113 0.089 0.097 0.090---Ave:0.101s
160 70 189 238 230 123 173 24 232 236 ---Ave:0.1675s
8:tmall.com
0.131 0.124 0.127 0.136 0.126 0.125 0.130 0.133 0.125 0.126---Ave:0.1283s
0.129 0.133 0.119 0.122 0.130 0.127 0.133 0.131 0.127 0.119---Ave:0.127s
256 138 771 490 431 200 33 57 224 175 ---Ave:0.2775s
9:qq.com
0.276 0.277 0.268 0.279 0.282 0.290 0.273 0.276 0.269 0.273---Ave:0.276s
0.269 0.282 0.275 0.282 0.267 0.273 0.275 0.288 0.278 0.281---Ave:0.277s
10 8 7 7 6 7 59 20 7 16 ---Ave:0.0147s
10:amazon.com
0.067 0.083 0.064 0.090 0.059 0.066 0.078 0.080 0.086 0.073---Ave:0.0746
0.059 0.280 0.089 0.103 0.078 0.144 0.077 0.102 0.073 0.062---Ave:0.1067s
7 10 21 7 85 7 6 11 6 63 ---Ave:0.0223s
11:sohu.com
0.291 0.292 0.295 0.304 0.301 0.310 0.292 0.311 0.307 0.299---Ave:0.3002s
0.299 0.408 0.325 0.235 0.267 0.255 0.315 0.312 0.296 0.242---Ave:0.2954s
20 191 36 287 103 251 383 7 6 22---Ave:0.1306s
12:google.co.jp
0.235 0.236 0.235 0.259 0.250 0.248 0.259 0.238 0.232 0.248---Ave:0.244s
0.279 0.237 0.282 0.252 0.255 0.243 0.239 0.227 0.254 0.221---Ave:0.249s
25 27 126 349 116 26 23 77 20 21 ---Ave:0.081s
13:taobao.com
0.124 0.132 0.124 0.127 0.128 0.133 0.136 0.138 0.140 0.128---Ave:0.131s
0.115 0.139 0.129 0.141 0.133 0.142 0.128 0.123 0.128 0.119---Ave:0.130s
7 8 229 7 7 206 43 9 185 217 ---Ave:0.0918
14:live.com
0.087 0.090 0.083 0.088 0.088 0.091 0.086 0.087 0.084 0.090---Ave:0.0874s
0.077 0.072 0.099 0.082 0.090 0.084 0.087 0.077 0.092 0.097---Ave:0.0857s
9 7 6 8 7 6 7 79 10 20---Ave:0.0159s
15:vk.com
0.193 0.171 0.172 0.162 0.182 0.190 0.192 0.183 0.178 0.179---Ave:0.1802s
0.187 0.199 0.157 0.166 0.178 0.193 0.179 0.169 0.171 0.188---Ave:0.1787s
184 174 279 132 121 23 21 163 99 23---Ave:0.1219s
16:twitter.com
0.054 0.047 0.051 0.050 0.048 0.049 0.050 0.047 0.052 0.051---Ave:0.0499s
0.059 0.049 0.054 0.057 0.062 0.068 0.044 0.068 0.063 0.053---Ave:0.0577s
7 7 7 7 7 9 7 8 7 7 ---Ave:0.0073
17:linkedin.com
0.050 0.055 0.046 0.045 0.055 0.050 0.053 0.049 0.047 0.046---Ave:0.0496s
0.043 0.060 0.049 0.049 0.055 0.047 0.045 0.050 0.046 0.043---Ave:0.0487s
92 149 374 6 8 8 394 21 6 23---Ave:0.1081s
18:360.cn
0.049 0.050 0.043 0.054 0.055 0.045 0.049 0.050 0.046 0.050---Ave:0.0499s
0.058 0.049 0.050 0.046 0.053 0.049 0.054 0.057 0.059 0.062---Ave:0.0537s
328 87 9 222 80 9 330 25 19 6 ---Ave:0.1115
19:instagram.com
0.069 0.074 0.076 0.072 0.071 0.072 0.069 0.070 0.073 0.072---Ave:0.0718s
0.077 0.076 0.065 0.077 0.072 0.073 0.069 0.059 0.074 0.072---Ave:0.0714s
11 7 179 15 7 77 8 8 6 12---Ave:0.033s
20:yahoo.co.jp
0.409 0.448 0.433 0.449 0.478 0.446 0.463 0.439 0.469 0.444---Ave:0.448s
0.467 0.439 0.442 0.447 0.436 0.478 0.464 0.432 0.467 0.448---Ave:0.452s
5 5 7 8 28 21 7 5 12 5 ---Ave:0.0103s
21:sina.com.cn
0.573 0.583 0.582 0.574 0.575 0.587 0.518 0.512 0.578 0.573---Ave:0.565s
0.555 0.539 0.573 0.521 0.526 0.534 0.538 0.548 0.588 0.567---Ave:0.549s
305 299 21 23 53 7 21 20 60 20---Ave:0.0829s
22:jd.com
0.334 0.326 0.324 0.322 0.323 0.322 0.334 0.334 0.335 0.326---Ave:0.328s
0.328 0.335 0.312 0.339 0.327 0.335 0.329 0.324 0.337 0.329---Ave:0.3295s
345 267 22 333 23 328 7 22 26 22 ---Ave:0.1395s
23:google.de
0.159 0.160 0.159 0.155 0.162 0.155 0.153 0.150 0.159 0.158---Ave:0.157s
0.149 0.164 0.158 0.150 0.143 0.162 0.159 0.147 0.169 0.149---Ave:0.155s
26 49 24 32 22 21 21 7 7 24 ---Ave:0.0233s
24:reddit.com
0.045 0.048 0.054 0.054 0.055 0.050 0.048 0.050 0.045 0.046---Ave:0.0495s
0.082 0.067 0.053 0.062 0.049 0.057 0.077 0.080 0.079 0.067---Ave:0.0673s
20 8 7 13 65 7 52 6 7 6 ---Ave:0.0191s
25:google.co.uk
0.142 0.136 0.144 0.059 0.136 0.135 0.134 0.134 0.058 0.134---Ave:0.01212s
0.139 0.134 0.089 0.083 0.136 0.142 0.127 0.133 0.144 0.098---Ave:0.01225s
23 23 23 22 23 22 23 24 20 21 ---Ave:0.0224s